1.32497027e-06
2.12983722e-06
1.70166073e-06
1.71758714e-06
1.33600763e-06
2.12983722e-06
1.33600763e-06
4.28047167e-05
4.67007411e-06
2.12983722e-06
2.12983722e-06
1.71758714e-06
1.33600763e-06
1.68729972e-06
2.12983722e-06
1.70166073e-06
1.33600763e-06
1.70166073e-06
1.33600763e-06
1.71758714e-06
1.33600763e-06
1.70322613e-06
1.71758714e-06
1.71758714e-06
1.33600763e-06
1.70322613e-06
1.71758714e-06
2.12983722e-06
2.12983722e-06
1.71758714e-06
1.71758714e-06
1.71758714e-06
1.33600763e-06
2.12983722e-06
1.33600763e-06
2.12983722e-06
1.71758714e-06
1.71758714e-06
1.33600763e-06
1.33600763e-06
1.71758714e-06
2.12983722e-06
1.33600763e-06
4.3127962e-06
2.12983722e-06
1.71758714e-06
1.71758714e-06
1.71758714e-06
1.33600763e-06
1.71758714e-06
1.70166073e-06
2.12983722e-06
1.71758714e-06
1.71758714e-06
1.71758714e-06
1.71758714e-06
3.97319324e-06
1.71758714e-06
1.71758714e-06
2.12983722e-06
1.70322613e-06
1.71758714e-06
1.70166073e-06
2.12983722e-06
2.12983722e-06
1.33600763e-06
1.71758714e-06
1.35036864e-06
1.71758714e-06
1.33600763e-06
1.70166073e-06
1.33600763e-06
1.33600763e-06
1.33600763e-06
2.08456763e-06
1.71758714e-06
3.93368111e-06
1.71758714e-06
1.33600763e-06
2.12983722e-06
1.33600763e-06
4.20557159e-06
1.33600763e-06
1.71758714e-06
1.71758714e-06
1.71758714e-06
1.71758714e-06
1.71758714e-06
1.71758714e-06
2.12983722e-06
1.71758714e-06
1.70166073e-06
1.71758714e-06
1.71758714e-06
1.33600763e-06
1.33600763e-06
1.71758714e-06
1.70166073e-06
1.33600763e-06
1.33600763e-06
1.33600763e-06
2.12983722e-06
1.33600763e-06
1.71758714e-06
1.71758714e-06
1.71758714e-06
2.12983722e-06
1.33600763e-06
1.33600763e-06
2.12983722e-06
1.90050928e-06
2.12983722e-06
1.71758714e-06
1.68729972e-06
2.12983722e-06
3.97319324e-06
1.70166073e-06
1.33600763e-06
1.71758714e-06
1.70166073e-06
2.43869956e-06
1.64303666e-06
1.46565359e-06
1.59776708e-06
0.0001828
1.59776708e-06
1.59776708e-06
1.59776708e-06
1.59776708e-06
1.59776708e-06
6.04681035e-06
2.69397039e-05
1.69821963e-06
1.69821963e-06
2.20727895e-05
1.69821963e-06
2.11868587e-06
1.69821963e-06
2.11868587e-06
5.45712571e-06
1.69821963e-06
1.54499897e-06
8.78842879e-05
1.4048501e-06
1.4048501e-06
1.34630059e-06
1.34630059e-06
1.34630059e-06
1.37795443e-06
1.70248306e-06
1.34630059e-06
1.37013351e-06
1.34630059e-06
1.3991475e-06
1.3991475e-06
1.34630059e-06
1.34630059e-06
1.70248306e-06
1.37013351e-06
1.34630059e-06
1.34630059e-06
1.33121316e-06
1.34630059e-06
1.34630059e-06
1.37013351e-06
1.35798545e-06
1.34630059e-06
1.70248306e-06
1.400815e-06
1.37531458e-06
1.54861324e-06
1.34630059e-06
1.34630059e-06
1.34630059e-06
1.34630059e-06
1.34630059e-06
1.34630059e-06
1.3991475e-06
5.61180232e-05
1.68687741e-06
1.34630059e-06
1.70248306e-06
1.34630059e-06
1.37795443e-06
1.3991475e-06
1.34630059e-06
1.34630059e-06
1.57337955e-06
1.34630059e-06
2.68072584e-05
1.34630059e-06
1.4048501e-06
1.34630059e-06
1.54861324e-06
1.23370671e-05
1.36652246e-06
1.34630059e-06
1.38142278e-06
1.60760118e-06
1.34630059e-06
4.32892586e-06
1.42433549e-06
1.34630059e-06
6.55600842e-06
1.57337955e-06
1.3991475e-06
6.16998512e-06
1.34630059e-06
1.70248306e-06
1.34630059e-06
1.34630059e-06
1.33121316e-06
1.34630059e-06
1.37030478e-06
1.57337955e-06
1.34630059e-06
1.34630059e-06
1.34630059e-06
1.35798545e-06
1.34630059e-06
1.34630059e-06
1.34630059e-06
4.32892586e-06
1.34630059e-06
1.34630059e-06
1.47245315e-06
1.3991475e-06
1.56873011e-06
1.34630059e-06
1.37013351e-06
1.34630059e-06
1.38142278e-06
1.34630059e-06
1.33121316e-06
4.32892586e-06
1.34630059e-06
1.60760118e-06
1.34630059e-06
1.38142278e-06
1.54861324e-06
4.32892586e-06
1.54861324e-06
4.32892586e-06
1.57337955e-06
1.34630059e-06
1.34630059e-06
1.34630059e-06
1.34630059e-06
1.37013351e-06
1.70248306e-06
1.35798545e-06
1.34630059e-06
1.34630059e-06
4.32892586e-06
1.34630059e-06
1.34630059e-06
1.43100555e-06
1.34630059e-06
3.4997558e-05
1.34630059e-06
4.32892586e-06
1.34630059e-06
1.38142278e-06
1.33121316e-06
4.32892586e-06
4.32892586e-06
1.43100555e-06
1.3991475e-06
1.34630059e-06
1.34630059e-06
1.34630059e-06
5.61180232e-05
1.54861324e-06
1.54861324e-06
1.34630059e-06
1.42170365e-06
1.34630059e-06
1.60760118e-06
1.40587832e-06
1.40423326e-06
1.34630059e-06
1.34630059e-06
1.34630059e-06
1.38142278e-06
1.34630059e-06
1.34630059e-06
1.34630059e-06
1.34630059e-06
1.23370671e-05
1.34630059e-06
0.00014713
1.3991475e-06
1.34630059e-06
1.34630059e-06
1.40587832e-06
1.400815e-06
1.38337402e-06
1.38142278e-06
1.34630059e-06
1.60760118e-06
4.32892586e-06
1.37013351e-06
4.32892586e-06
1.34630059e-06
1.34630059e-06
1.40423326e-06
1.34630059e-06
1.34630059e-06
1.40423326e-06
1.54861324e-06
1.34630059e-06
1.34630059e-06
1.34630059e-06
1.400815e-06
1.36652246e-06
1.34630059e-06
1.34630059e-06
1.54861324e-06
1.400815e-06
1.40587832e-06
1.38812033e-06
1.34630059e-06
1.37795443e-06
1.34630059e-06
4.32892586e-06
1.34630059e-06
4.32892586e-06
1.60760118e-06
1.57337955e-06
1.34630059e-06
1.3991475e-06
1.54937536e-06
1.34630059e-06
1.60760118e-06
3.32911807e-06
1.34630059e-06
6.55600842e-06
1.34630059e-06
1.40423326e-06
1.40587832e-06
1.60760118e-06
1.60760118e-06
4.32892586e-06
1.33121316e-06
1.34630059e-06
1.34630059e-06
1.4048501e-06
1.34630059e-06
1.40587832e-06
1.38142278e-06
3.81638604e-06
4.32892586e-06
1.34630059e-06
1.34630059e-06
1.34630059e-06
4.32892586e-06
1.34630059e-06
4.32892586e-06
4.32892586e-06
4.32892586e-06
1.34630059e-06
1.34630059e-06
1.34630059e-06
1.34630059e-06
1.33121316e-06
1.34630059e-06
1.46243028e-06
1.34506084e-05
1.37795443e-06
1.34630059e-06
1.34630059e-06
1.34630059e-06
1.38812033e-06
1.60760118e-06
1.34630059e-06
1.34630059e-06
1.37795443e-06
1.43100555e-06
1.34630059e-06
1.60760118e-06
1.37795443e-06
1.34630059e-06
1.34630059e-06
1.34630059e-06
1.34506084e-05
4.32892586e-06
1.40423326e-06
1.40423326e-06
1.57337955e-06
1.34630059e-06
1.34630059e-06
4.32892586e-06
1.57337955e-06
1.34630059e-06
1.38142278e-06
1.34630059e-06
1.34630059e-06
1.34630059e-06
1.34630059e-06
1.57337955e-06
1.34630059e-06
1.34506084e-05
1.38812033e-06
0.00137744
3.45749469e-05
3.16648589e-05
2.54052267e-06
2.11033472e-06
1.6885094e-06
1.5078924e-06
1.47330097e-06
1.47330097e-06
8.78378932e-06
1.73747403e-06
1.47330097e-06
1.47330097e-06
1.47330097e-06
1.47330097e-06
1.47330097e-06
1.47330097e-06
1.47330097e-06
1.47330097e-06
1.47330097e-06
1.47330097e-06
1.47330097e-06
1.47330097e-06
1.47330097e-06
1.47330097e-06
1.47330097e-06
1.47330097e-06
1.47330097e-06
1.47330097e-06
1.47330097e-06
1.47330097e-06
1.47330097e-06
1.47330097e-06
1.47330097e-06
1.47330097e-06
2.37134024e-06
1.47330097e-06
1.47330097e-06
1.47330097e-06
1.47330097e-06
1.47330097e-06
1.47330097e-06
1.47330097e-06
3.33988738e-05
1.69015477e-06
1.69015477e-06
1.69015477e-06
3.4857097e-05
1.36981788e-05
1.36981788e-05
1.36981788e-05
1.36981788e-05
1.36981788e-05
1.70654978e-06
1.69218877e-06
1.69218877e-06
1.69218877e-06
1.70654978e-06
1.69218877e-06
1.70654978e-06
1.67626235e-06
1.70654978e-06
1.70654978e-06
1.67626235e-06
1.67626235e-06
1.69218877e-06
1.70654978e-06
1.70654978e-06
1.67626235e-06
1.69218877e-06
1.70654978e-06
1.70654978e-06
1.70654978e-06
1.70654978e-06
1.70654978e-06
1.67626235e-06
1.67626235e-06
1.67626235e-06
1.67626235e-06
1.69218877e-06
1.70654978e-06
1.70654978e-06
1.69218877e-06
1.70654978e-06
1.70654978e-06
1.67626235e-06
5.30519236e-05
1.7555244e-05
1.74587074e-05
2.35689329e-06
3.43749849e-06
1.23483719e-05
1.71216517e-06
2.78129916e-06
1.35525769e-06
1.35525769e-06
1.35525769e-06
1.35525769e-06
1.35525769e-06
2.9713486e-06
2.7198736e-06
2.21814736e-06
1.33933128e-06
1.33933128e-06
1.33933128e-06
1.33933128e-06
1.33933128e-06
1.37838165e-06
1.33933128e-06
1.33933128e-06
1.33933128e-06
1.33933128e-06
1.33933128e-06
1.33933128e-06
1.33933128e-06
1.33933128e-06
1.69015477e-06
1.69015477e-06
1.69015477e-06
1.48727449e-06
1.48727449e-06
1.91736574e-06
1.48727449e-06
2.28037764e-05
4.50177644e-06
2.88962886e-06
2.45536553e-06
2.47195669e-06
4.50177644e-06
3.14110387e-06
4.50177644e-06
2.45536553e-06
2.68564285e-06
2.68564285e-06
5.66488526e-06
2.68564285e-06
1.81188294e-06
1.81188294e-06
1.69015477e-06
1.69015477e-06
1.69015477e-06
5.70718427e-06
1.69015477e-06
1.69015477e-06
1.69015477e-06
1.81188294e-06
1.81188294e-06
1.73387284e-06
1.73387284e-06
1.98882435e-06
1.73387284e-06
1.69015477e-06
1.69015477e-06
1.69015477e-06
1.48727449e-06
1.48727449e-06
1.69793143e-06
1.88225625e-06
1.48727449e-06
1.48727449e-06
1.91736574e-06
1.48727449e-06
1.81188294e-06
1.81188294e-06
1.44799211e-06
2.73678295e-05
1.62411844e-06
1.44799211e-06
2.6852291e-05
1.44799211e-06
2.6852291e-05
1.44799211e-06
1.44799211e-06
1.44799211e-06
2.6852291e-05
1.44799211e-06
1.44799211e-06
1.44799211e-06
2.6852291e-05
1.44799211e-06
1.44799211e-06
2.6852291e-05
1.44799211e-06
4.55249804e-06
2.6852291e-05
1.92652487e-06
1.44799211e-06
1.44799211e-06
1.44799211e-06
1.40918462e-06
1.44799211e-06
2.65090104e-05
2.6852291e-05
1.44799211e-06
1.44799211e-06
1.44799211e-06
1.69015477e-06
1.69015477e-06
1.81188294e-06
1.81188294e-06
1.69015477e-06
1.69015477e-06
1.69015477e-06
2.51712611e-06
1.61908684e-06
1.61908684e-06
2.51712611e-06
1.61908684e-06
2.51712611e-06
2.51712611e-06
1.69015477e-06
1.69015477e-06
1.69015477e-06
1.81188294e-06
1.81188294e-06
1.69015477e-06
1.69015477e-06
1.69015477e-06
1.87880131e-06
1.67159931e-06
1.48727449e-06
1.67159931e-06
1.81188294e-06
1.81188294e-06
1.97776452e-06
1.97776452e-06
1.97776452e-06
0.00088521
1.76643789e-06
0.00179319
2.7637593e-06
2.29763057e-06
2.67738635e-06
3.19487642e-06
1.91475965e-06
2.67543157e-06
3.19487642e-06
3.68945278e-06
2.70605613e-06
2.68133177e-06
2.70605613e-06
3.58471031e-06
1.91475965e-06
1.91475965e-06
2.70605613e-06
2.67738635e-06
1.91475965e-06
2.95378869e-06
2.67738635e-06
1.91475965e-06
1.91475965e-06
2.70605613e-06
3.19487642e-06
2.70605613e-06
2.70605613e-06
2.70605613e-06
2.70605613e-06
2.67738635e-06
2.7637593e-06
2.29763057e-06
2.29763057e-06
2.68133177e-06
2.7637593e-06
2.70605613e-06
1.91475965e-06
3.74715594e-06
1.91475965e-06
2.70605613e-06
2.70605613e-06
2.95378869e-06
2.67543157e-06
2.7637593e-06
2.67738635e-06
2.70605613e-06
2.67543157e-06
2.7637593e-06
2.29763057e-06
2.70605613e-06
2.67543157e-06
2.70605613e-06
2.67738635e-06
2.7637593e-06
2.70605613e-06
2.7637593e-06
2.70605613e-06
2.7637593e-06
2.67543157e-06
2.67738635e-06
2.67738635e-06
1.91475965e-06
2.67738635e-06
2.7637593e-06
3.19487642e-06
2.7637593e-06
2.7637593e-06
2.68133177e-06
1.91475965e-06
3.74715594e-06
1.91475965e-06
3.74715594e-06
2.67738635e-06
2.7637593e-06
2.70605613e-06
2.70605613e-06
2.7637593e-06
2.67543157e-06
2.7637593e-06
2.7637593e-06
2.7637593e-06
1.91475965e-06
2.70605613e-06
2.67738635e-06
2.7637593e-06
2.7637593e-06
1.91475965e-06
1.91475965e-06
3.01149185e-06
4.15899809e-06
2.7637593e-06
2.7637593e-06
2.67543157e-06
2.70605613e-06
2.7637593e-06
1.91475965e-06
2.7385071e-06
2.29763057e-06
2.29763057e-06
2.70605613e-06
2.70605613e-06
2.67738635e-06
3.23147331e-06
2.7637593e-06
1.52154203e-06
1.52154203e-06
1.52154203e-06
1.52154203e-06
1.52154203e-06
1.71014829e-06
1.60001983e-06
1.57360875e-06
1.57360875e-06
1.382553e-06
1.57360875e-06
1.57360875e-06
1.57360875e-06
1.57360875e-06
1.57360875e-06
1.57360875e-06
1.57360875e-06
2.09370516e-06
1.57360875e-06
2.09370516e-06
1.57360875e-06
1.57360875e-06
1.57360875e-06
1.57360875e-06
1.57360875e-06
1.57360875e-06
1.38321888e-06
1.47391267e-06
1.33305467e-06
1.47391267e-06
1.40861314e-06
1.33305467e-06
1.38321888e-06
1.33305467e-06
1.38321888e-06
1.38321888e-06
1.33305467e-06
1.40861314e-06
1.38321888e-06
1.38321888e-06
1.38321888e-06
1.38321888e-06
1.38321888e-06
1.33305467e-06
1.40861314e-06
1.38321888e-06
1.38321888e-06
1.38321888e-06
1.38321888e-06
1.47391267e-06
1.33305467e-06
1.38321888e-06
1.38321888e-06
1.38321888e-06
1.38321888e-06
1.38321888e-06
1.38321888e-06
1.38321888e-06
1.38321888e-06
1.40861314e-06
1.38321888e-06
1.38321888e-06
1.33305467e-06
1.38321888e-06
1.38321888e-06
2.73774341e-06
1.33305467e-06
1.38321888e-06
1.33305467e-06
1.33305467e-06
1.38321888e-06
1.38321888e-06
1.33305467e-06
1.38321888e-06
1.38321888e-06
1.38321888e-06
1.38321888e-06
1.38321888e-06
1.33305467e-06
1.38321888e-06
1.33305467e-06
1.38321888e-06
1.38321888e-06
1.38321888e-06
1.37480569e-06
1.38321888e-06
1.38321888e-06
1.38321888e-06
1.38321888e-06
1.38321888e-06
1.40861314e-06
1.38321888e-06
1.40861314e-06
1.38321888e-06
1.47391267e-06
1.38321888e-06
1.47391267e-06
1.38321888e-06
1.38321888e-06
1.38321888e-06
1.47391267e-06
1.38321888e-06
1.38321888e-06
1.38321888e-06
1.38321888e-06
1.40861314e-06
1.38321888e-06
1.38321888e-06
1.38321888e-06
1.38321888e-06
1.38321888e-06
1.38321888e-06
1.38321888e-06
1.40861314e-06
1.38321888e-06
1.38321888e-06
1.38321888e-06
1.38321888e-06
1.38321888e-06
1.38321888e-06
1.38321888e-06
1.37480569e-06
1.38321888e-06
1.47391267e-06
1.37475375e-06
1.33305467e-06
1.38321888e-06
1.33305467e-06
1.38321888e-06
1.38321888e-06
1.33305467e-06
1.33305467e-06
1.40861314e-06
1.33305467e-06
1.38321888e-06
1.38321888e-06
1.38321888e-06
1.33305467e-06
1.33305467e-06
1.38321888e-06
1.38321888e-06
1.38321888e-06
1.33305467e-06
1.38321888e-06
1.38321888e-06
1.38321888e-06
1.38321888e-06
1.38321888e-06
1.40861314e-06
1.38321888e-06
1.33305467e-06
1.33305467e-06
1.33305467e-06
1.38321888e-06
1.38321888e-06
1.38321888e-06
1.38321888e-06
1.33305467e-06
1.38321888e-06
1.38321888e-06
1.38321888e-06
1.38321888e-06
1.38321888e-06
1.38321888e-06
1.47391267e-06
1.47391267e-06
1.38321888e-06
1.40861314e-06
1.33305467e-06
1.40861314e-06
1.38321888e-06
1.38321888e-06
1.38321888e-06
1.38321888e-06
1.33305467e-06
1.38321888e-06
1.38321888e-06
1.38321888e-06
1.38321888e-06
1.38321888e-06
1.38321888e-06
1.33305467e-06
1.33305467e-06
1.33305467e-06
